[gd_scene load_steps=11 format=2]

[ext_resource path="res://scripts/Main.gd" type="Script" id=1]
[ext_resource path="res://scripts/Animator.gd" type="Script" id=2]
[ext_resource path="res://shape_configs/octahedron.tres" type="Resource" id=3]
[ext_resource path="res://assets/grid.tscn" type="PackedScene" id=4]
[ext_resource path="res://Octa.tscn" type="PackedScene" id=5]

[sub_resource type="SpatialMaterial" id=7]
flags_unshaded = true
vertex_color_use_as_albedo = true

[sub_resource type="ProceduralSky" id=5]

[sub_resource type="Environment" id=6]
background_mode = 2
background_sky = SubResource( 5 )
ambient_light_color = Color( 0.545098, 0.776471, 1, 1 )
ambient_light_energy = 0.47

[sub_resource type="SphereMesh" id=3]

[sub_resource type="SpatialMaterial" id=4]
albedo_color = Color( 1, 0, 0, 1 )

[node name="Spatial" type="Spatial"]
script = ExtResource( 1 )

[node name="grid2" parent="." instance=ExtResource( 4 )]
transform = Transform( 1, 0, 0, 0, 1, 0, 0, 0, 1, 0, 0.002, 0 )

[node name="Circle" parent="grid2" index="0"]
material_override = SubResource( 7 )

[node name="Camera" type="Camera" parent="."]
transform = Transform( 1, 0, 0, 0, 0.422191, 0.906507, 0, -0.906507, 0.422191, 2.368, 3.00415, -2.003 )
visible = false
environment = SubResource( 6 )
current = true

[node name="Camera2" type="Camera" parent="."]
transform = Transform( 0.692697, 0.515175, -0.504743, 0, 0.699838, 0.714302, 0.721229, -0.494795, 0.484775, 1.40222, 0.329811, -2.45173 )
visible = false

[node name="Indicator" type="MeshInstance" parent="."]
transform = Transform( 0.05, 0, 0, 0, 0.05, 0, 0, 0, 0.05, 2, 0, -2.886 )
visible = false
mesh = SubResource( 3 )
material/0 = SubResource( 4 )

[node name="Animator" type="Node" parent="."]
script = ExtResource( 2 )
follower_path = NodePath("../Octa")
config = ExtResource( 3 )
duration = 0.3

[node name="OmniLight" type="OmniLight" parent="."]
transform = Transform( 1, 0, 0, 0, 1, 0, 0, 0, 1, 2.9391, 1.42538, -4.93046 )
light_energy = 1.471
shadow_enabled = true
omni_range = 4096.0
omni_attenuation = 0.432375

[node name="Octa" parent="." instance=ExtResource( 5 )]
transform = Transform( 0.707103, -3.36766e-06, 0.70711, 0.577353, 0.577353, -0.577345, -0.40825, 0.816495, 0.40825, 2, 0.408, -2.887 )

[editable path="grid2"]
