[gd_scene load_steps=7 format=2]

[ext_resource path="res://ico_wireframe.tscn" type="PackedScene" id=1]
[ext_resource path="res://grid.tscn" type="PackedScene" id=2]
[ext_resource path="res://Main.gd" type="Script" id=3]
[ext_resource path="res://SmoothRotator.tscn" type="PackedScene" id=4]

[sub_resource type="SphereMesh" id=3]

[sub_resource type="SpatialMaterial" id=4]
flags_no_depth_test = true
albedo_color = Color( 1, 0, 0, 1 )

[node name="Spatial" type="Spatial"]
script = ExtResource( 3 )

[node name="grid2" parent="." instance=ExtResource( 2 )]
transform = Transform( 0.866025, 0, 0.5, 0, 1, 0, -0.5, 0, 0.866025, 0, 0, 0 )

[node name="Camera" type="Camera" parent="."]
transform = Transform( 1, 0, 0, 0, 0.422191, 0.906507, 0, -0.906507, 0.422191, 2.368, 3.00415, -2.003 )
current = true

[node name="Camera2" type="Camera" parent="."]
transform = Transform( 1, 0, 0, 0, 0.699838, 0.714302, 0, -0.714302, 0.699838, 1.96084, 0.536999, -2.27343 )
visible = false

[node name="Indicator" type="MeshInstance" parent="."]
transform = Transform( 0.05, 0, 0, 0, 0.05, 0, 0, 0, 0.05, 2, 0, -2.886 )
mesh = SubResource( 3 )
material/0 = SubResource( 4 )

[node name="SmoothRotator" parent="." instance=ExtResource( 4 )]
transform = Transform( 1, 0, 0, 0, 1, 0, 0, 0, 1, 2, 0.756, -2.886 )
controller = NodePath("../rotatesource")

[node name="ico_wireframe" parent="SmoothRotator" instance=ExtResource( 1 )]
transform = Transform( 0.866025, 0, 0.5, 0, 1, 0, -0.5, 0, 0.866025, 0, 0, 0 )

[node name="rotatesource" type="Spatial" parent="."]
transform = Transform( 1, 0, 0, 0, 1, 0, 0, 0, 1, 0, 0.756, 0 )
